2 6 7 24 26 8 9 28 -1 7 26 -2
1 3 11 9 8 28 26 -1 9 -2
2 5 4 11 9 -1 4 11 -2
3 5 11 12 10 30 -1 3 11 5 12 -2
3 4 12 13 15 16 17 -1 4 12 -2
1 7 24 25 26 44 -1 24 7 -2
1 6 24 25 26 44 -1 1 6 26 -2
1 2 9 10 26 28 -1 9 10 30 29 28 -2
2 3 11 8 10 26 28 1 -1 10 11 8 2 -2
8 9 11 4 30 12 -1 9 11 8 28 29 30 -2
2 3 4 9 12 10 30 -1 3 4 9 10 -2
4 5 11 15 16 17 13 30 10 -1 4 5 13 30 -2
5 12 14 15 16 17 32 30 -1 30 12 14 33 15 -2
13 30 32 33 31 54 52 -1 32 13 33 15 -2
12 13 16 17 5 33 36 34 35 -1 16 33 14 13 -2
15 17 5 12 13 33 34 35 36 -1 15 17 36 -2
5 12 13 15 16 36 38 18 -1 16 36 -2
17 36 38 39 19 20 -1 19 38 39 -2
18 20 39 -1 20 40 57 39 56 -2
18 19 40 41 42 21 -1 19 40 57 56 39 -2
20 40 41 42 23 -1 42 22 23 -2
23 42 77 -1 21 42 23 58 76 77 -2
21 22 77 -1 21 22 42 -2
6 7 1 26 25 43 44 59 -1 6 25 -2
6 7 24 26 44 43 59 -1 24 44 -2
1 2 6 7 8 9 28 24 25 44 27 46 79 -1 1 7 27 28 44 -2
26 28 44 45 46 47 48 29 79 -1 26 28 46 -2
1 2 8 9 26 27 45 46 47 48 29 -1 27 26 8 10 30 29 -2
28 30 27 45 46 47 48 49 50 64 66 -1 28 8 10 30 48 49 -2
4 10 11 12 13 14 32 29 49 50 64 66 -1 8 10 28 29 12 13 32 31 50 -2
32 50 33 14 54 52 51 -1 52 32 50 30 -2
13 14 30 31 33 52 54 -1 30 30 50 14 -2
14 15 16 31 32 34 35 36 52 54 -1 31 14 15 34 54 -2
15 16 33 35 36 37 55 53 54 68 -1 35 33 54 -2
15 16 33 34 36 37 53 54 55 68 -1 34 36 37 38 -2
15 16 17 18 33 34 35 38 -1 16 17 35 37 38 -2
34 35 38 39 53 54 55 68 -1 35 36 38 39 55 56 -2
16 17 18 36 37 39 -1 35 36 37 39 18 -2
18 19 37 38 56 -1 38 18 19 20 40 57 56 37 55 -2
20 21 41 42 57 58 73 -1 41 20 19 39 56 57 -2
20 21 40 42 57 58 73 -1 42 40 -2
20 21 22 40 41 57 58 73 -1 41 21 22 23 58 76 77 -2
24 25 44 59 -1 -2
24 25 26 27 46 43 59 79 -1 25 26 59 60 79 -2
27 28 29 46 47 48 61 -1 47 46 79 80 61 62 48 -2
26 27 28 29 44 45 47 48 79 -1 45 79 80 61 62 48 47 -2
27 28 29 45 46 48 61 -1 45 46 79 80 61 62 48 -2
27 28 29 45 46 47 49 62 63 64 -1 29 49 47 61 45 46 79 80 62 -2
29 30 48 50 62 63 64 66 -1 29 48 64 -2
29 30 31 49 51 52 64 66 -1 30 31 32 51 66 -2
31 50 52 65 66 67 84 -1 52 67 50 66 -2
14 31 32 33 50 51 53 54 67 -1 31 54 53 51 67 -2
34 35 37 52 54 55 67 68 -1 52 54 67 68 84 86 -2
14 31 32 33 34 35 37 52 53 55 68 -1 52 53 33 34 -2
34 35 37 53 54 56 68 69 86 102 -1 68 37 39 56 -2
39 55 57 68 86 69 102 -1 37 39 55 57 19 20 40 73 69 70 71 72 -2
40 41 42 56 58 73 -1 56 39 19 20 40 73 72 71 70 69 -2
40 41 42 57 73 74 75 76 -1 73 42 22 77 76 -2
24 25 43 44 60 78 95 96 -1 44 79 60 -2
59 78 79 95 96 -1 78 59 44 79 -2
45 47 -1 45 46 79 80 62 48 47 -2
48 49 63 64 80 82 98 -1 63 82 48 47 61 45 46 79 80 -2
48 49 62 64 65 82 83 -1 62 82 64 65 66 -2
29 30 48 49 50 62 63 66 -1 49 63 65 66 -2
63 66 67 51 82 83 84 -1 63 64 66 83 84 99 -2
29 30 49 50 51 64 65 67 84 -1 63 64 65 50 51 -2
51 52 53 65 66 84 -1 51 52 53 68 86 84 -2
34 35 37 53 54 55 56 69 86 102 -1 55 53 67 84 86 -2
55 56 68 70 86 102 103 127 -1 102 127 103 70 71 72 73 57 56 -2
69 71 87 103 -1 56 57 73 72 71 69 87 129 144 128 103 -2
70 72 87 88 104 -1 87 104 88 72 73 57 56 69 70 -2
71 73 74 88 89 90 -1 88 105 89 73 57 56 69 70 71 -2
40 41 42 57 58 72 74 75 76 89 90 -1 74 58 57 56 69 70 71 72 -2
58 72 73 75 76 89 90 -1 73 75 90 -2
58 73 74 76 77 90 91 92 93 94 -1 74 90 76 -2
58 73 74 75 77 90 91 92 93 94 -1 75 58 42 22 77 -2
22 23 75 76 90 91 92 93 94 -1 22 42 58 76 -2
59 60 79 80 95 96 97 -1 79 60 96 97 -2
26 27 44 46 60 78 80 97 -1 78 60 59 44 80 62 48 47 61 45 46 -2
62 78 79 81 82 97 98 -1 81 118 98 62 48 47 61 45 46 79 97 117 -2
80 118 -1 80 118 98 97 117 -2
62 63 65 80 83 98 -1 62 63 83 120 98 -2
63 65 82 99 100 120 -1 65 84 99 82 98 120 -2
51 65 66 67 85 86 99 100 -1 65 83 99 67 53 68 86 -2
84 86 99 100 101 124 126 -1 100 124 86 102 101 -2
55 56 68 69 84 85 99 100 102 -1 85 101 102 84 67 53 68 -2
70 71 104 129 -1 71 104 70 103 128 144 129 -2
71 72 104 105 130 -1 72 89 105 71 104 -2
72 73 74 90 91 105 106 107 -1 90 91 72 88 105 -2
72 73 74 75 76 77 89 91 92 93 94 -1 74 75 89 91 -2
89 90 92 93 94 75 76 77 105 106 107 -1 89 90 92 107 -2
75 76 77 90 91 93 94 107 108 109 110 132 -1 91 107 93 109 -2
75 76 77 90 91 92 94 109 110 111 -1 94 92 109 -2
75 76 77 90 91 92 93 109 110 111 -1 93 -2
59 60 78 96 112 113 114 -1 96 -2
59 60 78 95 97 112 113 114 115 116 -1 95 78 97 114 115 -2
78 79 80 96 115 116 117 -1 78 96 116 117 80 81 118 -2
62 80 82 118 119 120 121 122 123 -1 80 81 118 82 83 120 -2
83 84 85 86 100 120 -1 100 65 84 83 -2
83 84 85 86 99 120 122 123 124 125 140 141 155 170 -1 99 85 124 120 122 -2
85 102 124 125 126 127 142 143 156 -1 126 85 86 102 -2
55 56 68 69 86 125 126 127 142 143 156 -1 69 127 86 85 101 -2
69 70 127 128 -1 69 127 70 87 129 128 144 -2
71 87 88 105 129 130 145 -1 71 87 88 129 130 145 -2
88 89 91 104 106 107 130 -1 72 88 89 106 130 131 -2
89 91 105 107 108 131 132 133 134 -1 105 130 131 107 108 -2
89 91 92 105 106 108 109 110 132 -1 91 92 106 108 -2
92 106 107 109 110 131 132 133 134 -1 106 107 132 -2
92 93 94 107 108 110 111 132 -1 92 93 110 -2
92 93 94 107 108 109 111 132 -1 109 111 132 134 -2
93 94 109 110 134 147 -1 110 132 134 -2
95 96 113 114 135 148 162 -1 113 135 -2
95 96 112 114 135 136 137 138 148 -1 114 112 135 -2
95 96 112 113 115 135 136 137 138 148 -1 113 96 115 137 -2
96 97 114 116 137 -1 96 114 116 137 138 139 -2
96 97 115 117 118 139 150 151 -1 97 117 115 137 138 139 -2
97 116 118 139 150 151 -1 116 97 80 81 118 -2
98 116 117 119 120 121 122 123 139 150 151 -1 98 80 81 97 117 119 151 -2
98 118 120 121 122 123 151 153 -1 121 118 151 -2
83 98 99 100 118 119 121 122 123 -1 100 122 82 83 98 -2
98 118 119 120 122 123 151 153 -1 119 123 140 153 -2
98 100 118 119 120 121 123 124 125 140 141 170 155 -1 123 100 120 -2
98 100 118 119 120 121 122 124 125 140 141 170 155 -1 122 121 153 140 -2
85 100 101 122 123 125 126 140 141 170 155 -1 85 100 125 126 -2
100 101 102 122 123 124 126 127 140 141 170 155 142 143 155 156 -1 124 126 155 156 182 183 -2
85 101 102 124 125 127 142 143 156 -1 101 124 125 -2
69 101 102 103 125 126 128 143 -1 69 102 103 128 143 -2
103 127 143 144 159 -1 127 143 103 70 87 129 144 -2
87 104 144 145 159 160 173 -1 104 145 87 70 103 128 144 -2
88 104 105 131 145 146 161 -1 104 145 105 106 131 -2
106 108 130 132 133 134 145 146 161 -1 133 146 106 105 130 -2
92 106 107 108 109 110 131 133 134 -1 108 110 111 134 -2
106 108 131 132 134 146 147 -1 131 146 134 147 -2
106 108 131 132 133 111 147 -1 110 111 132 133 147 -2
112 113 114 136 137 138 148 162 -1 112 113 148 -2
113 114 135 137 138 139 149 148 149 163 164 174 -1 138 148 149 -2
113 114 115 135 136 138 148 -1 114 115 116 138 139 -2
113 114 135 136 137 139 148 149 163 164 174 -1 136 137 115 116 139 -2
116 117 118 136 138 149 150 151 163 164 174 -1 116 115 137 138 150 176 175 164 -2
100 122 123 124 125 141 152 153 154 168 170 180 -1 121 123 153 154 170 -2
100 122 123 124 125 140 155 170 -1 155 170 -2
101 102 125 126 127 143 156 158 -1 143 156 157 158 -2
101 102 125 126 127 128 142 144 156 158 159 -1 127 128 142 158 159 -2
128 129 143 145 159 160 173 -1 159 128 103 70 87 129 -2
104 129 130 131 144 146 159 160 161 173 -1 104 130 129 160 161 -2
130 131 133 145 147 161 -1 131 133 -2
111 133 134 146 -1 133 134 -2
112 113 114 135 136 137 138 149 162 163 -1 135 136 149 162 -2
136 138 139 148 162 163 164 174 -1 136 148 163 -2
116 117 118 139 151 166 176 -1 151 139 164 175 176 -2
116 117 118 119 121 139 150 153 166 -1 118 119 153 152 166 150 -2
140 153 154 165 166 167 168 177 178 180 -1 151 153 166 180 191 179 167 -2
119 121 140 151 152 154 168 180 -1 151 166 152 140 123 121 -2
140 152 153 168 169 170 180 -1 168 140 170 -2
100 122 123 124 125 140 141 170 181 182 -1 141 170 125 156 183 182 -2
101 102 125 126 127 142 143 157 171 183 -1 142 157 158 125 155 182 183 -2
156 158 159 171 172 183 185 -1 142 156 158 171 -2
142 143 157 159 171 172 185 -1 142 156 157 143 159 -2
128 129 143 144 145 157 158 160 171 172 173 185 187 195 -1 143 144 158 172 173 -2
129 144 145 159 161 173 -1 145 161 -2
130 131 145 146 160 -1 145 160 -2
112 135 148 149 163 -1 148 -2
136 138 139 148 149 162 164 174 -1 149 -2
136 138 139 149 163 174 175 188 -1 139 150 176 175 174 -2
152 166 167 177 178 189 -1 177 166 176 190 189 -2
150 151 152 165 167 176 177 178 -1 176 190 189 165 151 152 153 -2
152 166 165 177 178 179 -1 178 152 180 191 179 -2
140 152 153 154 169 170 180 -1 154 169 180 -2
154 168 170 180 181 191 -1 168 180 170 181 -2
100 122 123 124 125 140 141 154 168 169 181 155 182 -1 141 155 140 154 169 181 -2
156 157 158 159 172 183 185 -1 157 183 -2
157 158 159 171 173 183 185 187 195 -1 159 185 -2
129 144 145 159 160 172 185 187 195 -1 159 -2
136 138 139 149 163 164 175 188 -1 164 -2
164 174 176 188 190 -1 188 139 164 176 150 -2
150 166 175 188 190 -1 139 150 164 175 166 165 189 190 -2
152 165 166 167 178 189 -1 165 178 -2
152 165 166 167 177 179 189 190 191 -1 177 167 179 189 -2
167 178 189 190 191 -1 178 152 167 191 180 -2
140 152 153 154 168 169 181 191 -1 168 169 152 167 179 191 -2
155 170 182 169 180 191 -1 169 170 -2
155 170 181 183 184 185 186 192 193 -1 125 155 156 183 -2
156 157 171 182 184 185 186 192 193 -1 171 185 -2
182 183 185 186 192 193 194 -1 192 193 -2
157 158 159 171 172 173 182 183 184 186 187 192 193 195 -1 183 172 186 187 -2
182 183 184 185 187 193 194 195 -1 185 187 193 -2
159 172 173 185 186 193 194 195 -1 185 186 195 -2
164 174 175 176 190 -1 175 -2
165 177 178 179 190 191 -1 178 165 166 176 190 -2
175 176 178 179 188 189 191 -1 189 165 166 176 -2
169 180 181 178 179 189 190 -1 152 180 179 167 -2
182 183 184 185 186 193 194 -1 184 -2
182 183 184 185 186 187 192 194 195 -1 186 194 184 -2
184 186 187 192 193 195 -1 193 -2
159 172 173 185 186 187 193 194 -1 187 -2
